model_type: KANNALA_BRANDT
camera_name: camera
image_width: 1440 
image_height: 1080
projection_parameters:
   k2: -0.0764245
   k3: 0.0322856
   k4: -0.0445168
   k5: 0.0163317
   mu: 829.224
   mv: 829.454
   u0: 833.937
   v0: 562.509