body_T_camDown: !!opencv-matrix
   rows: 4
   cols: 4
   dt: d
   data: [  0.00235643,  0.99997843, -0.00613037, -0.25805624,  
           -0.99960218,  0.00218315, -0.02811962, -0.01138283, 
           -0.02810563,  0.0061942,   0.99958577,  0.09243762,
            0.0,         0.0,         0.0,         1.0]

body_T_camFront: !!opencv-matrix
   rows: 4
   cols: 4
   dt: d
   data: [ -0.04200713, -0.01166497,  0.99904921,  0.17666233,
            0.99899047,  0.01544242,  0.04218496, -0.05171531,
           -0.01591983,  0.99981271,  0.01100451, -0.04656282,
            0.0,         0.0,         0.0,         1.0]