body_T_cam0: !!opencv-matrix
   rows: 4
   cols: 4
   dt: d
   data: [ -0.01039363,  0.99994595,  0.00027614, -0.27939175,
           -0.99982944, -0.01038820, -0.01527021,  0.00394073,
           -0.01526652, -0.00043481,  0.99988337, -0.00039529,
            0.0,         0.0,         0.0,         1.0]