body_T_cam0: !!opencv-matrix
   rows: 4
   cols: 4
   dt: d
   data: [ -0.04200713, -0.01166497,  0.99904921,  0.17666233,
            0.99899047,  0.01544242,  0.04218496, -0.05171531,
           -0.01591983,  0.99981271,  0.01100451, -0.04656282,
            0.0,         0.0,         0.0,         1.0]