body_T_camDown: !!opencv-matrix
   rows: 4
   cols: 4
   dt: d
   data: [ -0.01039363,  0.99994595,  0.00027614, -0.27939175,
           -0.99982944, -0.01038820, -0.01527021,  0.00394073,
           -0.01526652, -0.00043481,  0.99988337, -0.00039529,
            0.0,         0.0,         0.0,         1.0]

body_T_camFront: !!opencv-matrix
   rows: 4
   cols: 4
   dt: d
   data: [ -0.04200713, -0.01166497,  0.99904921,  0.17666233,
            0.99899047,  0.01544242,  0.04218496, -0.05171531,
           -0.01591983,  0.99981271,  0.01100451, -0.04656282,
            0.0,         0.0,         0.0,         1.0]