body_T_gnss: !!opencv-matrix
   rows: 4
   cols: 4
   dt: d
   data: [ 1.0, 0.0, 0.0,-0.14440000,
           0.0, 1.0, 0.0, 0.05530000,
           0.0, 0.0, 1.0,-0.53470000,
           0.0, 0.0, 0.0, 1.0]