cam0_T_lidar: !!opencv-matrix
   rows: 4
   cols: 4
   dt: d
   data: [ 0.1201,  0.9927, -0.0042, -0.27939175, 
          -0.0165,  0.0062,  0.9998,  0.00394073, 
           0.9926, -0.1200,  0.0171, -0.00039529,
           0.0,     0.0,     0.0,     1.0 ]