camDown_T_lidar: !!opencv-matrix
   rows: 4
   cols: 4
   dt: d
   data: [ -0.030011,  0.999548,  0.0013029, -0.0566,
            0.007985, -0.001063,  0.9999675,  0.3829,
            0.999517,  0.030020, -0.0079502, -0.0374,
            0.0,       0.0,       0.0,        1.0 ]